
The command exited with code 0.
Output:

   Id        CPU WorkingSet64
   --        --- ------------
  764         55      7077888
 1648   65.96875      7065600
 2712  65.796875      7086080
 3176   1.421875      1605632
 3524  49.390625      7036928
 5100  131.90625      4083712
 8512 130.640625      4169728
12248 119.515625      4124672
18888 102.953125      7143424
20144    35.4375      7421952
20156   158.3125      4112384
20572    54.1875      7041024
21544   356.5625      9859072
21884   1.265625      1585152
24492  163.65625      4112384
25840    86.0625      4145152



