
The command exited with code 1.
Output:

Handles  NPM(K)    PM(K)      WS(K)     CPU(s)     Id  SI ProcessName                                                  
-------  ------    -----      -----     ------     --  -- -----------                                                  
    206      12    11428       2468       4.08    348   1 msedge                                                       
    467      67   661472     390916     671.25   2760   1 msedge                                                       
    326      29    68084      20496      86.17   6956   1 msedge                                                       
    490      68   560844     292992   2,814.55   7892   1 msedge                                                       
    302      10     2908       1656       0.66  10684   1 msedge                                                       
    283      24    32776       3160      10.47  11192   1 msedge                                                       
    286      22    31048       1588       0.27  13184   1 msedge                                                       
    216      19    20504        944       0.13  16244   1 msedge                                                       
    458      83   538240       4592      89.16  16372   1 msedge                                                       
    340      35   154768        728      11.81  17176   1 msedge                                                       
    310      28   149152      17748       9.77  17256   1 msedge                                                       
    246      21    30692        224       2.94  17344   1 msedge                                                       
    533      80   495772        228     267.47  18516   1 msedge                                                       
    289      22    30956       1320       1.77  18764   1 msedge                                                       
    991      81   516856      53036   2,511.16  21164   1 msedge                                                       
    303      29   194044       4112      32.73  21524   1 msedge                                                       
    637      26    57116        892       2.44  22248   1 msedge                                                       
    265      14     9592       1828       3.72  22644   1 msedge                                                       
    366      39   194668       2280      25.56  22660   1 msedge                                                       
    281      23    50768       1208       0.50  23140   1 msedge                                                       
    535      39    38024      23132     316.91  23848   1 msedge                                                       
    284      17    11072       3072     166.28  24652   1 msedge                                                       
   3101     111   298780      94368   1,457.33  27104   1 msedge                                                       
    563      31   265260       7612      46.33  27516   1 msedge                                                       



