
The command exited with code 0.
Output:

Handles  NPM(K)    PM(K)      WS(K)     CPU(s)     Id  SI ProcessName                                                  
-------  ------    -----      -----     ------     --  -- -----------                                                  
    291      30    40592       2404     125.91    688   1 python                                                       
    281      27    40516       1176     107.31    764   1 python                                                       
    281      27    40500       1180     115.78   1648   1 python                                                       
    281      27    40676       1164     117.91   2712   1 python                                                       
    281      27    40760       1168     100.80   3524   1 python                                                       
    291      30    40404       2412     125.09   5244   1 python                                                       
    280      80    46236       1164     155.20  18888   1 python                                                       
    291      30    40784       2432     125.94  19248   1 python                                                       
    291      30    40640       2424     125.38  20044   1 python                                                       
    282      27    40616       1168      86.56  20144   1 python                                                       
    282      27    40680       1172     104.55  20572   1 python                                                       
    291      30    40864       2404     122.75  24100   1 python                                                       
    291      30    40356       2412     121.95  26112   1 python                                                       



